AGLO_rk,AGLOMERADO,P47T
0.0,18,26309.80599547511
0.03125,12,27074.319986310747
0.0625,8,28842.154340836012
0.09375,19,30112.07353660525
0.125,29,30364.04862236629
0.15625,15,30436.179097811524
0.1875,23,30499.683120204605
0.21875,27,30625.962173187465
0.25,25,31331.33207112282
0.28125,22,31884.649110008755
0.3125,14,32001.336869495597
0.34375,7,33265.50096116878
0.375,26,33850.3955399061
0.40625,13,34334.5935035895
0.4375,10,34390.56583455703
0.46875,6,34945.726757139964
0.5,4,35782.642512690356
0.53125,33,35800.04548935519
0.5625,36,36781.91902644512
0.59375,34,37709.356544823364
0.625,0,38400.01800665843
0.65625,3,38641.74061810155
0.6875,5,38643.441317250625
0.71875,93,41073.4916691026
0.75,38,41240.64359949303
0.78125,30,43073.5553028149
0.8125,2,43567.14440227704
0.84375,17,44554.68771428571
0.875,91,46729.90088300221
0.90625,32,55494.04823151125
0.9375,20,65827.1398848226
0.96875,9,71183.93921308576
1.0,31,74998.14655172414
